0;32;-1120
1;grass;0;-1056;3648;64;1;False
1;grass;-1792;-2272;64;2368;1;False
1;grass;1792;-2272;64;2368;1;False
1;grass;-1024;-1536;704;64;1;False
1;grass;608;-1920;704;64;1;False
1;grass;-1792;-4416;64;1920;1;False
1;grass;1792;-4416;64;1920;1;False
1;grass;608;-4064;384;64;1;False
1;grass;1632;-4512;256;64;1;False
1;grass;1408;-5056;192;64;1;False
1;grass;-1792;-6304;64;1856;1;False
1;grass;1792;-6304;64;1856;1;False
1;grass;448;-5280;512;64;1;False
1;grass;-896;-5760;192;64;1;False
1;grass;224;-6304;192;64;1;False
1;grass;1408;-6976;448;64;1;False
1;grass;1792;-8288;64;2112;1;False
1;grass;-1792;-8288;64;2112;1;False
1;grass;1248;-8032;256;64;1;False
1;grass;-96;-8576;256;64;1;False
1;grass;1792;-10304;64;1920;1;False
1;grass;-1792;-10304;64;1920;1;False
1;grass;1632;-9312;256;64;1;False
1;grass;-1792;-12224;64;1920;1;False
1;grass;1792;-12224;64;1920;1;False
1;grass;-1792;-13696;64;1024;1;False
1;grass;1792;-13696;64;1024;1;False
1;grass;832;-12832;384;64;1;False
1;grass;-96;-14400;320;64;1;False
1;grass;-1792;-14624;64;832;1;False
1;grass;1792;-14624;64;832;1;False
1;grass;0;-15072;3648;64;1;False
1;grass;1024;-11968;576;64;1;False
2;grass;-960;-2432;576;64;1;230;1;True
2;grass;768;-3136;576;64;1;230;1;False
2;grass;32;-7520;192;64;1;180;2;False
2;grass;-160;-10560;320;64;1;150;2;True
2;grass;-320;-11552;256;64;1;150;3;False
2;grass;-224;-13312;128;64;1;100;1;False
2;grass;1056;-13920;128;64;1;150;2;False
2;grass;-1440;-13856;128;64;1;150;2;False
4;416;-1984
4;-960;-2752
4;1312;-10048
4;1376;-11232
4;-832;-3648
4;1664;-4576
4;-928;-5824
4;224;-6368
4;32;-7584
4;1280;-8096
4;-96;-8640
4;-160;-10624
4;-320;-11616
4;-224;-13376
4;-1440;-13920
4;1024;-13984
5;2;grass;-832;-3584;576;64;False;80
5;3;grass;-544;-4768;512;64
5;4;grass;1216;-5536;576;64
5;0;placeholder4;1248;-9248;448;64
5;2;grass;1312;-9984;384;64;True;70
5;2;grass;1216;-11136;384;64;True;80
5;1;grass;928;-11136;192;64
5;2;grass;-384;-12384;384;64;False;50
5;1;grass;-96;-12384;192;64
6;-96;-14464;64;64
